466
455 202
763 800 956 664
545 324
71 547
162 535
599 93
671 242
489 136
944 415 957 869
343 711 872
191 769
629 315
100 534
843 239
410 289
243 426
314 738
562 43
321 621
848 914 117
168 484
36 752
139
76 623
414 838 998
61 776
160 525
420 231
110 790
290 546
430 335
866 51 955
377 336
257 736 895
181 595
441 591 859
165
156 643
381 307
793 179
618 437 958
842 968 574 835
527 456
325
53 759
326 577
176
261 398
270
234 692 976
619 893 995 672
566 439
361 384
87 556
56 670
849 572 528
269
230
130 737
346 403
186 890 860
897 267 815
458 300
302 728 851
892 855 122
88
164 831 883
505 482 906
850 232 938
515 198
5
333 700
183 802
65 578
448 208
199 524
59 948 935
891 520
28 610
880 197 863
144
228 924 803
662 73
220
376 912
370 334
550 217
767 510
23
511 555 809
540 196
55 878
364 303
947 771 229
169 551
756 827 919 820
311 385
873 999 80
929 233 715
946 388
218 598
720 284
454 901 826 989
886 561 983 701
13 770
613 703 659
646 259
15 631
837 478 689
870 844
38 917
62 593
592 367 932
731 473
108 936
276 797
691 18
543 338
306 538
308 407
298
203
74 777
133 688
12
132 653
532 142
421 502
881 241 969
444 371
201
240 602
184 480
66
434 497
694 89
483
35 667
397 857
273 580
486 474 992
740 146
20 760
365 354
170 542
44 852
207 442
147 521
404 416
475 773
443 523
858 103 888
327 640
450 227
113 682
941 37 996
39
127
247 926 846
285 648
435 467
123 755
492 817
453 471
722 128
22 899
171
309 552
288 567
63
145
368 451
173
17
3 676
714 399 853
868 412 615
419 530
488 180
632 481 823
616 637
582 221
987 8 964
413 258
611 109
910 428 589
988 735 161
339 357
506 930
97 614
498 743 814
291 908
119 940 867
438 666
732 11
400 765 862
21 730
210
328 449
268
14
167 603
446 812 716
830 496 719
875 188
396 507
294
115 702
200 462
351 452
652 50
32 606
522 107
255
394 264
318 559
150 922 834
4 681
392 925 794
571 789 573
16 933
223 993
195 678
781 387
685 356
587 68
363
178 470
125 650
182 758
553 274
594 423
493 275
121 675
277 576
963 271
305 372
447 513 953
568 104
393 366
224 600
788 699 965 687
92 570
617 129
154 563
304
296 705
379 954 604
822 408 810
779 512 724
252 997 791
739 112
495 249
355 970 796
174
52 673
31 824
745 49
517 402
549 981 635 990
131 766
683 747 490
81 575
299 840
655 984 472
832 319 811
786 60
67 586
463 280
120 994 780
674 939 491
85
278 729 898
464 360
390 317
281
373 708 828
391 265
425 386
884 772 841 975
707 95
378 519
727 487 742
645 287 971
792 978 494
569 213
651 293
266 536
982 554
316 972 818
725 733 775
440 251
297 406
19
256 696
432 564 977
152
177 668
663 548 709
151
91
54 665
101 751
877 882 98
369 622 961
211
94 531
69 697
516 344
583 205
45 829
352 560
253 460
349 749 816
721 590 821
105
155 806 928
894 698 712 856
967 320 723
237
409 485
966 677 254
845 612 717
927 350 973
310
26 669
185 913
690 295
7 836
693 1000
47 658
476 238
329 401
539 84
778 541 750
323 375
847 923 189
686 99
141 804
782 215
96 764
153
70
27
529 950 544
625 395 889
219 504
64
263 459
915 466 585
903 1
839 292 887
340 787
713 29
904 952 322
422 341
106 557
654 825 479
353 642
214 785
58 579
469
102 627
248 876
25 741
158 537
347 358
433
192 468
124 596
313 605
9 628
30 943 920
42 609
639 34
138
2
212 985 748
905 272 942
209
40
348
206 986 704
959 337 660
819 246 991
807 187 885
86 854 907
445
159 630
768 499 962 916
135 633
331
134
457 411
226
260
250 418
417 436
761 82
383 332
656 342 949
163 597
405 262
951 245 762
784 710 461
374 624 918
204 798
225
118 607
757 909 235
75 584
175 684
114 896 871
6 833
282 514
79 581
726 312
533 389
647 41
980 679 380
137 799
116 746
744 974 695 861
774 157
753 718 427
126
111 783
501 148
216 518
937 190 795
805 879 283
503 166
424 465
222 429
911 149
33 808
641 359
83
57 558
72 620
601 706
244
236 508
78 626
330 431
754 657 813
500 345
90 921
644 649 734
193 565
608 48
24
279 865
301 945 979
680 477 900
140 526
362 661 874
864 382 934
902 77 931
634 588
636 10
194
46 638
509 286
960 801 143
172
